-2
0
-1
-2
0
1
2
2
3
2
1
1
1
-1
0
-1
-1
2
0
0
2
1
1
1
2
2
1
1
3
3
4
2
2
4
2
3
3
3
1
-1
-4
-6
-6
-7
-4
-4
-4
-1
1
-2
-3
-2
-4
-4
-2
-2
0
-2
-2
-2
-1
-2
-1
-1
-2
-3
-6
-4
-4
-5
-2
1
-2
-5
-3
-2
-2
-1
-2
-2
-1
-3
-2
1
1
2
1
-2
1
1
2
3
1
2
1
2
4
3
5
3
-2
1
3
2
-1
-1
-2
-4
-1
-1
-2
1
-2
-1
1
2
3
3
1
1
2
1
2
1
2
2
1
2
3
2
1
2
3
2
1
2
2
2
1
-3
-2
-5
-7
-3
-3
-2
-2
-3
-3
-3
-5
-6
-2
-3
-4
-1
-1
-3
-4
-4
-3
-1
-1
-1
0
-3
-1
-3
-4
-4
-3
-1
-2
-2
-1
-4
-7
-6
-3
-1
-3
-4
-3
-1
-1
1
0
-1
-1
-2
1
2
1
-1
0
-1
-3
1
1
1
5
4
4
1
-1
2
3
2
4
3
1
1
0
6
4
0
0
0
1
-3
-3
-2
0
-4
-4
2
2
1
-2
-1
2
0
1
3
5
4
1
1
6
6
3
1
3
3
3
3
2
4
-1
1
2
3
5
3
4
6
6
1
1
4
2
3
2
4
6
2
0
2
5
1
-3
-1
2
2
-4
-4
-1
-2
-8
-7
-1
-1
-4
-9
-4
-4
-13
-17
-11
-6
-13
-15
-8
-7
-13
-18
-11
-6
-10
-14
-13
-9
-14
-17
-11
-6
-6
-12
-10
-3
-6
-10
-7
3
2
-1
-2
0
4
1
-1
9
12
6
3
8
14
11
9
15
19
13
6
13
19
13
8
15
23
15
6
10
21
14
0
7
17
10
-6
-3
11
6
-8
-9
7
6
-13
-15
-3
3
-15
-23
-8
-2
-13
-24
-12
-3
-10
-24
-21
-1
-6
-24
-22
-1
-1
-21
-25
-3
9
-18
-27
1
13
-17
-35
-1
18
-8
-29
3
29
-1
-26
2
30
11
-19
1
41
19
-19
-1
36
28
-6
-3
35
33
-4
-6
30
39
8
-9
19
40
13
-11
14
41
17
-15
8
41
22
-13
-6
31
24
-16
-11
25
20
-21
-27
8
13
-25
-36
1
9
-25
-38
-9
7
-20
-35
-15
5
-11
-37
-21
5
-11
-33
-24
-5
-2
-24
-31
-5
-2
-19
-25
-12
5
-7
-25
-14
7
-1
-19
-15
5
3
-14
-15
5
10
-10
-15
3
11
-3
-10
2
14
5
-8
3
16
10
-2
4
15
13
1
-2
11
16
5
2
10
18
14
5
10
20
15
6
10
20
19
11
6
14
19
9
6
12
15
11
3
5
10
9
0
-1
5
5
-1
-6
-1
4
-2
-12
-10
1
-1
-13
-12
-4
-3
-14
-18
-7
-2
-12
-19
-11
-2
-9
-21
-19
-3
-6
-18
-15
-1
3
-11
-16
-4
5
-8
-21
-6
10
-3
-20
-7
15
2
-16
-5
19
9
-18
-7
19
7
-19
-8
15
7
-18
-9
18
7
-20
-8
15
5
-13
-1
18
7
-8
2
18
8
-2
10
20
9
2
15
20
7
4
18
19
3
6
23
17
-1
2
17
12
-6
-1
17
10
-7
-8
7
11
-7
-15
3
13
-7
-25
-11
13
-1
-34
-24
14
3
-39
-35
12
14
-44
-51
16
24
-38
-58
8
42
-35
-70
6
54
-23
-78
6
66
-18
-83
-2
78
-4
-90
-6
84
6
-92
-19
93
22
-93
-26
95
40
-92
-45
100
61
-84
-58
92
82
-80
-81
87
99
-64
-90
76
123
-48
-110
64
142
-27
-123
44
159
-12
-145
26
178
9
-166
1
194
28
-182
-25
204
48
-206
-53
215
72
-217
-89
215
94
-226
-114
215
119
-229
-149
204
130
-220
-167
184
151
-198
-183
160
159
-171
-193
126
170
-141
-196
102
169
-110
-188
70
168
-72
-180
48
159
-42
-163
22
153
-15
-144
2
141
9
-131
-11
123
26
-105
-23
109
39
-92
-32
85
43
-65
-33
75
48
-52
-33
59
51
-35
-25
57
49
-29
-23
45
38
-28
-24
40
36
-28
-25
39
31
-32
-26
39
28
-40
-28
43
28
-48
-32
45
30
-53
-36
51
24
-63
-43
51
32
-76
-51
54
28
-72
-50
54
32
-74
-52
56
38
-66
-49
52
34
-64
-45
52
36
-57
-44
48
33
-56
-41
47
34
-49
-35
47
37
-45
-38
45
41
-40
-38
42
44
-32
-38
37
47
-23
-36
31
48
-13
-31
19
41
0
-25
11
38
9
-18
-2
26
21
-11
-12
15
27
-1
-28
-1
33
6
-36
-14
35
18
-42
-36
29
36
-40
-53
30
44
-35
-69
7
58
-19
-77
-6
58
2
-73
-28
57
25
-66
-46
47
49
-43
-67
26
63
-18
-65
5
74
16
-71
-22
74
45
-57
-48
63
68
-52
-71
51
86
-42
-89
44
99
-28
-96
22
103
-16
-97
24
105
-6
-96
9
103
6
-82
9
94
9
-80
1
84
10
-63
1
66
-1
-62
3
54
-12
-56
11
38
-41
-61
33
48
-55
-72
43
61
-84
-90
81
78
-109
-113
88
99
-113
-120
103
104
-131
-129
104
112
-109
-130
81
106
-101
-128
81
109
-83
-112
63
104
-54
-105
51
108
-36
-90
35
108
-12
-106
22
124
14
-98
-3
125
27
-108
-4
143
47
-110
-26
134
60
-99
-24
137
62
-105
-35
140
77
-90
-31
125
60
-100
-33
129
51
-114
-44
109
37
-124
-53
110
30
-146
-61
119
21
-163
-69
123
28
-175
-69
130
10
-183
-58
141
13
-194
-58
145
-4
-180
-19
148
-20
-195
-7
164
-31
-173
30
150
-65
-181
52
176
-57
-154
73
137
-89
-134
102
162
-63
-116
90
113
-67
-57
136
129
-65
-71
95
95
-33
-2
129
81
-65
-33
96
75
-21
19
111
56
-53
-15
70
35
-18
32
74
-2
-70
-27
14
-19
-18
37
0
-99
-78
9
-29
-101
-19
64
-63
-189
-50
78
-84
-206
-14
127
-89
-249
-28
123
-109
-248
9
182
-74
-276
-45
138
-69
-207
36
200
-53
-262
-60
161
35
-104
51
163
-37
-196
-7
233
180
9
28
108
24
-52
98
291
242
43
-11
85
125
90
130
224
200
59
-12
64
130
82
41
97
139
58
-63
-72
-8
2
-15
17
52
-28
-198
-239
-91
16
-28
-85
-76
-117
-271
-288
-57
77
-72
-220
-146
-81
-249
-310
-32
141
-78
-284
-138
-8
-215
-309
21
251
14
-261
-189
-52
-130
-104
206
325
36
-255
-236
-18
191
363
403
172
-105
-144
5
247
511
591
312
-100
-150
149
344
378
438
413
136
-168
-80
248
324
192
179
202
20
-247
-223
51
149
49
9
-8
-201
-447
-372
-16
136
-40
-211
-250
-330
-452
-322
31
112
-163
-356
-319
-308
-376
-236
95
133
-202
-440
-405
-284
-163
62
265
66
-430
-616
-299
168
397
308
56
-297
-534
-260
433
913
637
-104
-443
-174
221
550
861
870
232
-524
-337
577
984
618
299
334
121
-305
-40
734
780
64
-235
163
235
-274
-312
274
394
-125
-335
-28
-46
-527
-512
126
338
-158
-513
-363
-266
-451
-335
153
215
-313
-684
-506
-208
-188
-158
53
-11
-449
-712
-457
5
119
-68
-208
-351
-478
-390
-42
303
203
-219
-448
-330
90
476
483
246
-74
-172
119
498
845
893
409
-24
68
588
1032
939
666
516
271
226
573
906
824
319
52
231
293
246
249
150
-62
-274
-159
70
-117
-419
-475
-448
-387
-343
-301
-372
-692
-817
-584
-385
-318
-435
-627
-729
-772
-629
-438
-427
-481
-645
-833
-753
-619
-501
-500
-692
-631
-535
-634
-465
-389
-348
-206
-350
-12
356
225
227
108
348
933
934
1128
1329
1010
902
990
1572
2250
1857
1416
1491
1325
1407
1559
1771
1914
1078
526
772
760
781
625
345
205
-450
-656
-271
-346
-544
-839
-1174
-1111
-1239
-1250
-957
-1198
-1414
-1479
-1542
-1162
-1183
-1389
-1293
-1478
-1437
-1376
-1396
-1069
-1216
-1530
-1541
-1516
-1268
-1245
-1265
-1041
-1106
-1316
-1122
-664
-284
-539
-495
313
510
140
-44
710
1664
1384
1240
2073
2218
1572
1454
2726
3909
3164
2094
2533
3149
2796
2594
3084
3288
2296
1285
1692
2119
1583
1018
909
773
-28
-602
-282
-113
-669
-1238
-1356
-1372
-1706
-1979
-1702
-1537
-1990
-2352
-2294
-2001
-1981
-2215
-2062
-1954
-2153
-2357
-2262
-1878
-1847
-2031
-2070
-2089
-2074
-2107
-1911
-1594
-1528
-1325
-1279
-1221
-1310
-1105
46
361
-49
-248
62
1054
1062
1037
2116
2252
1561
1349
2454
3906
3469
2409
2844
3546
3375
3058
3428
3877
3109
2208
2547
2931
2469
1706
1521
1688
1166
568
363
179
-192
-490
-462
-524
-1047
-1678
-1787
-1504
-1378
-1580
-1988
-2205
-2209
-2221
-2088
-1971
-2010
-2305
-2679
-2474
-2030
-1950
-2120
-2407
-2522
-2297
-2232
-1991
-1495
-1497
-1630
-1856
-2076
-975
-36
-292
-713
-1210
-373
550
234
833
1493
1060
343
431
2360
3571
2279
1506
2294
2866
2686
2537
3444
3819
2234
1847
2934
3140
2463
1606
2196
2426
1127
922
1382
1178
348
-137
507
569
-551
-984
-489
-352
-800
-1344
-1190
-947
-1494
-1675
-1433
-1441
-1645
-2094
-2064
-1660
-1863
-2109
-1967
-2046
-2068
-2020
-2134
-1629
-1674
-1841
-1394
-1537
-1308
-846
-1032
-1109
-1356
-782
269
-119
-495
-180
-20
7
119
1134
2013
887
51
971
1839
1935
1543
1975
2340
1315
937
2157
2808
2003
1164
1451
1989
1381
937
1550
1589
694
87
422
1112
629
-15
89
169
-4
-346
-235
214
23
-496
-656
-494
-497
-839
-897
-669
-698
-979
-1253
-1159
-1491
-1781
-1076
-599
-312
-1212
-1723
-1454
-1114
-109
113
-376
-1198
-1613
-666
-165
110
177
-303
-911
-1019
361
1180
649
-362
-61
649
342
371
866
1282
441
-271
681
1139
735
254
521
1095
320
-141
340
698
259
-203
-12
177
-112
-506
86
454
80
-286
-375
150
285
183
410
274
-78
-425
-194
344
514
94
-291
-362
-499
-341
-67
691
337
-110
-601
-383
1003
557
281
218
-116
571
27
280
1112
333
-288
-387
728
1302
403
-346
231
539
22
91
371
793
-307
-948
256
290
-41
-690
-629
12
-715
-912
-498
-420
-975
-1500
-1128
-708
-936
-1466
-1268
-969
-976
-1115
-1081
-422
-644
-882
-498
-281
-95
-553
-590
167
488
224
18
-105
-64
423
689
1277
1047
413
296
598
1950
2020
1296
625
756
1888
1759
1549
1735
1510
739
460
1802
2578
1369
-72
410
1499
847
160
536
1027
40
-893
33
523
-135
-1178
-733
-24
-941
-1515
-1195
-787
-1272
-2052
-1773
-1387
-1795
-2199
-1946
-1627
-1779
-2205
-1995
-1413
-1480
-1686
-1589
-1148
-901
-1335
-1473
-982
-411
-164
-373
-379
-257
-174
311
789
1357
1254
499
1083
1476
1780
1636
1446
2441
2182
1387
1625
2288
2457
1681
1710
2793
2380
873
987
2370
2511
1033
310
1370
1299
85
347
1308
1001
-728
-1170
114
375
-746
-1046
-664
-1142
-1984
-1976
-986
-1084
-2344
-2663
-2222
-1942
-2099
-2251
-1944
-2132
-2648
-2467
-1827
-1315
-1574
-2321
-2362
-1944
-1072
-343
-831
-993
-1434
-843
296
588
1222
815
785
625
701
1701
2275
2678
1905
1490
1913
2162
2286
2229
2983
3185
2172
1074
1473
2943
2902
2030
1350
1418
1066
629
1440
2013
1376
-287
-405
218
265
-29
-147
-39
-1367
-2140
-1523
-812
-1029
-2183
-2372
-2192
-2606
-2708
-2122
-1701
-2362
-3275
-3168
-2301
-1865
-1961
-2359
-2703
-2913
-2339
-854
-698
-1020
-1946
-1603
-257
-120
834
950
1353
580
-280
1116
2295
3089
1970
1502
2283
2173
1862
2007
3559
3856
2410
1024
1633
3145
2918
2461
2071
1949
1118
566
1991
2592
1722
299
-54
738
493
312
638
336
-1036
-1827
-1118
-320
-764
-1939
-2131
-2114
-2434
-2461
-2033
-1779
-2599
-3432
-3249
-2542
-2187
-2323
-2773
-3209
-3285
-2755
-1439
-1111
-1696
-2479
-1948
-783
-150
133
580
1241
73
-533
529
2729
3412
1292
965
2104
2483
1826
1884
3938
4036
1570
450
2292
3838
2847
1681
2067
2236
772
632
2540
3120
1294
-252
398
1330
802
544
1300
731
-1199
-1769
-274
804
-344
-1831
-1873
-1692
-1957
-1944
-1314
-1283
-2656
-3671
-3017
-1940
-1761
-2435
-3260
-3506
-3654
-2514
-1367
-1385
-2421
-3569
-2117
-776
-423
-327
286
411
-944
-1167
878
3534
2545
27
556
2179
2533
1379
2302
4362
3241
524
427
3322
4136
2135
1231
2187
1870
421
1285
3195
2804
-17
-906
1289
2063
1032
446
921
231
-1391
-831
1087
1292
-936
-2397
-1552
-510
-871
-1445
-1159
-1445
-2456
-2952
-2055
-880
-1392
-2777
-3325
-3184
-2458
-1950
-1576
-1216
-2640
-2934
-2106
-876
94
-311
306
-215
-1059
-918
1094
3317
2015
337
417
1665
1811
1713
3242
4038
2206
-391
773
3564
3757
1940
933
1457
707
387
1903
2724
1674
-854
-924
867
1021
754
711
235
-1059
-1779
-517
925
273
-1332
-2012
-1577
-1083
-1232
-889
-922
-1875
-2669
-2543
-1390
-646
-1392
-2582
-2864
-2819
-1988
-1351
-729
-1234
-2437
-2067
-1156
69
-53
746
1109
-223
-948
-42
3266
3344
1074
915
1859
2275
1209
2406
4808
3906
501
-161
2800
4000
2521
952
1839
1260
-368
810
2102
2458
-559
-1879
255
601
291
-392
-246
-616
-2144
-1748
-208
79
-1449
-2677
-2393
-1323
-1489
-1913
-1567
-2013
-2376
-2991
-2320
-1096
-1445
-2478
-2926
-2334
-1842
-1968
-1764
-1047
-1100
-1366
-1435
-424
274
840
946
725
565
621
2241
2742
2225
2222
2312
2569
2033
2693
4385
4103
2108
1313
2791
3732
2753
1737
2374
2135
748
439
1616
2197
376
-720
-142
422
-52
-816
-325
-410
-1633
-1957
-1294
-715
-1389
-2478
-2445
-2078
-2247
-2333
-2207
-2229
-2673
-3335
-2725
-2119
-2003
-2722
-3259
-2826
-2561
-2241
-2438
-1694
-1472
-1529
-1619
-1507
-188
879
882
285
176
918
2197
2368
1985
2596
2549
2354
2280
3265
4723
3719
2272
2240
3537
4105
2872
2375
2840
2505
1540
1375
2217
2408
963
-91
424
769
527
64
-76
-288
-1359
-1529
-865
-476
-1038
-2212
-2450
-2130
-2050
-2060
-2136
-2421
-2830
-3280
-2877
-2321
-2306
-3000
-3193
-3115
-3200
-2669
-2682
-2138
-2060
-2362
-1424
-1257
-1396
-125
214
609
-2
-3
2294
2363
1291
1656
2638
3251
2163
2201
4588
4276
2118
1894
3726
4805
2837
1444
3018
3110
1949
1804
2193
2410
275
92
1942
1661
228
-712
-42
321
-762
-838
-277
-971
-2094
-2242
-1223
-937
-2345
-2945
-2522
-2362
-2423
-2813
-2636
-2558
-3116
-3210
-3009
-2649
-3015
-3428
-2957
-2302
-1838
-1878
-1925
-1798
-1060
-194
-184
268
-48
904
1897
1161
1580
2110
2770
2335
2118
3477
4260
3079
1833
2854
4158
3770
2149
2388
3194
2280
1893
2229
2218
1288
269
1282
2157
802
-331
64
602
-24
-571
-154
-182
-1356
-1946
-1203
-487
-1270
-2759
-2551
-1955
-2005
-2345
-2525
-2571
-2721
-3162
-2901
-2344
-2751
-3420
-3760
-2833
-1694
-1554
-1780
-2476
-2477
-525
1
154
-287
-342
1394
1083
600
1805
2703
2422
1138
1898
4268
3783
1779
1941
3613
3949
2046
1539
3452
3380
1651
1121
1958
2099
844
794
1784
1349
-219
-472
785
1074
-202
-787
-304
-372
-928
-1167
-625
-700
-1974
-2403
-1864
-1257
-1721
-2438
-2493
-2268
-2440
-2639
-2502
-2300
-2902
-3534
-2564
-2300
-1726
-1927
-1855
-1475
-1538
-740
-216
146
-392
428
1637
975
594
1046
2546
2679
1749
2321
3080
2573
1568
2656
4121
3111
1138
1164
2906
3037
1925
1476
1225
758
218
1142
2285
956
-728
-922
57
625
316
-134
-600
-1368
-1558
-714
-11
-562
-2148
-2645
-1991
-1292
-1112
-1860
-2355
-2416
-2371
-2317
-2118
-2319
-2547
-2729
-2602
-1589
-1113
-824
-1980
-1502
-171
19
324
-372
1093
1928
356
443
1720
3086
2220
1144
2668
3780
2161
1013
2642
4135
2901
452
1562
3101
2046
713
1000
2368
1167
-847
-89
1267
901
-390
-686
-16
-500
-1339
-763
67
-439
-1780
-2186
-1190
-930
-1397
-1791
-2160
-2118
-2296
-2035
-1534
-1806
-2412
-3153
-2451
-2282
-2088
-1972
-2801
-1970
-1737
-642
-726
-516
-293
-791
132
239
2012
2549
934
702
1313
2704
2912
3066
3508
3254
1979
1644
3508
4290
3370
1559
1912
2464
2054
1803
1915
1997
508
-113
531
1222
756
-587
-669
-286
-592
-812
-838
-729
-1117
-1798
-1924
-1384
-1512
-1955
-2319
-2359
-2015
-2501
-2538
-2433
-2546
-2425
-3219
-3052
-2675
-2518
-2866
-3025
-2122
-1426
-1089
-2386
-885
78
-158
-439
-495
2180
1880
150
1038
2613
3309
1557
1803
4446
4531
1964
1642
4001
4706
2880
1470
3378
3521
1851
1671
2873
2940
519
-148
1847
2416
677
-453
175
587
-435
-680
179
118
-1504
-2219
-1276
-510
-1375
-2516
-2559
-2160
-2276
-2730
-2633
-2627
-2759
-3657
-3622
-3278
-2963
-2959
-3899
-3100
-2359
-1674
-2379
-2277
-709
-750
-767
-1292
934
2047
17
-320
1279
3321
2118
956
2600
4177
2781
1094
3017
4615
3297
1113
2266
3916
2713
1736
1816
3210
1969
-71
1656
2464
1870
462
77
1209
665
139
315
439
-2
-868
-966
-295
-560
-1272
-1576
-1974
-1520
-1565
-2143
-2276
-2583
-2120
-2768
-3395
-3038
-3091
-2310
-2855
-2808
-1660
-2539
-2540
-951
-253
79
-1562
-1480
1234
1238
289
698
1519
1605
126
1177
4179
3241
696
297
2475
3574
1574
1140
2742
1915
458
641
2376
3077
100
-318
1159
1512
1147
210
878
820
-391
-105
686
765
-152
-973
-521
-130
-745
-978
-1039
-1203
-1259
-1768
-1393
-1507
-2122
-2222
-2309
-2059
-2342
-2796
-2466
-1820
-1660
-1261
-1918
-1227
-33
-843
-129
-440
795
1845
125
444
1428
1990
1477
953
2314
3172
1613
514
1838
2840
2230
463
1017
2122
956
560
680
1920
1289
-828
-198
758
1227
650
-308
129
-104
-521
-43
399
444
-740
-1766
-1012
-185
-344
-1015
-2029
-1596
-1492
-1717
-1200
-1567
-1800
-2918
-2769
-1949
-1356
-2073
-2799
-1808
-972
-780
-1629
-141
232
15
-674
-43
2966
1993
234
565
2147
2922
1344
1724
3470
2966
808
761
2954
3286
1121
184
1814
1790
560
-6
1196
1672
-452
-642
395
1027
287
-839
28
218
-470
-512
-182
160
-541
-1529
-1066
-518
-777
-1186
-1814
-1500
-1478
-1891
-1916
-1624
-1690
-2415
-3064
-2716
-1285
-2113
-2446
-2464
-1246
-253
-1746
-301
-127
-3
-305
-265
3022
2671
510
207
1939
3448
2634
2280
3279
3177
994
1424
3529
4132
1855
-285
1533
2202
1591
649
616
1199
-476
-500
761
1024
143
-1199
-716
319
20
-344
-433
-648
-708
-1209
-838
-398
-1026
-1282
-1861
-1622
-1205
-1694
-1779
-2046
-1943
-2344
-3018
-2705
-2353
-1925
-2355
-2759
-1854
-1337
-1639
-468
-457
-553
-634
-939
1814
2348
847
731
932
2283
2271
2625
4035
3086
1226
1070
2942
4238
2762
940
1676
1668
1169
1135
1486
1685
8
-552
427
1019
494
-292
-15
69
-431
-226
214
219
-294
-1013
-861
-523
-691
-773
-1071
-1276
-1477
-1714
-1576
-1700
-1785
-2317
-3252
-2920
-1871
-2123
-2437
-2960
-2237
-1156
-2438
-702
332
-489
-1417
-2328
1725
3181
600
-143
736
2321
1734
1709
4254
4404
788
-165
2512
4738
3268
341
1589
2104
507
107
1458
2564
174
-1647
-287
1143
428
-572
-40
359
-766
-1149
364
1083
188
-1263
-1136
-186
-380
-599
-571
-531
-1180
-1965
-1533
-1349
-1548
-2033
-2350
-2025
-2170
-3087
-2734
-1432
-466
-1395
-2209
-852
-794
-52
-808
519
2681
405
-707
334
2703
3133
1288
1629
3348
2744
995
1671
3629
3617
619
15
2009
1908
1107
10
626
612
-1368
-719
774
586
-842
-1648
-607
-88
-743
-257
187
-36
-1035
-1462
10
391
-511
-1030
-1100
-677
-817
-1083
-999
-1247
-1912
-2266
-1946
-1421
-1474
-2407
-2206
-860
-873
-1000
-217
-547
-37
-819
54
2791
2033
405
-233
1337
2840
1947
2077
3398
2715
871
721
2863
4235
1660
-58
770
1206
1276
96
752
249
-1584
-1080
-226
646
-831
-1968
-957
-743
-1096
-656
-300
-325
-1085
-1584
-256
-69
-744
-1087
-1111
-436
-1046
-1340
-1013
-1178
-1321
-2004
-2286
-1547
-1319
-2000
-1659
-1302
-294
-1036
-422
746
7
221
-469
2258
3429
1220
392
1025
2819
2430
2135
3410
3645
1318
201
2404
4345
3192
-8
279
1250
946
915
592
921
-786
-2279
-634
729
68
-1373
-1977
-1333
-1171
-1036
-305
-589
-1350
-1993
-1579
-363
-516
-1195
-1622
-1803
-1467
-1230
-1330
-1535
-2110
-2217
-2437
-2226
-1357
-2095
-2008
-2028
-854
-338
-493
542
-240
401
-99
1647
3599
2115
1041
754
2589
3132
2758
3119
3718
2501
807
2190
3989
3934
1260
178
1391
1580
1619
884
883
263
-1270
-593
748
565
-545
-1445
-1424
-885
-708
-387
-612
-1355
-1774
-1655
-832
-810
-1311
-1626
-2187
-2131
-1674
-1543
-1864
-2568
-2675
-2732
-2734
-2111
-2514
-2160
-2320
-1741
-1077
-753
432
-652
-216
-456
1385
3253
1635
1187
992
2084
2443
2546
3672
3826
1854
452
2311
4133
3622
1294
715
1373
880
1393
1999
1579
183
-1437
53
1682
592
-142
-419
-401
-695
-842
643
580
-818
-1758
-1334
74
-332
-1152
-1266
-1394
-1864
-1977
-1505
-1263
-2048
-2733
-2943
-2518
-1686
-2789
-2308
-2263
-1721
-1238
-1386
549
-574
-725
-959
1016
3344
1548
140
388
2168
2375
2222
2638
3286
1599
-359
1797
3996
3652
414
-812
861
1355
1130
1256
1023
11
-1660
-944
2047
1532
-153
-1200
-934
62
-75
612
766
-220
-1529
-1653
71
917
-212
-1399
-1843
-1643
-995
-1050
-1135
-1749
-2616
-2725
-2736
-1153
-1685
-2389
-2396
-2020
-824
-800
730
-35
-492
-962
842
3594
2346
905
350
2143
2447
1979
3166
3520
2077
-220
1222
3686
3230
707
-334
855
694
383
680
995
-89
-1976
-868
1063
751
-564
-1083
-528
-663
-814
354
738
-358
-1555
-1539
-64
227
-756
-1046
-1268
-1632
-1695
-1287
-976
-1721
-2818
-2758
-2475
-1545
-1963
-2763
-2211
-2128
-1063
-1189
532
476
-827
-704
-80
3539
3284
1300
781
1423
2751
2270
3216
4124
3203
463
397
3093
4120
2465
81
456
778
596
806
1321
823
-943
-1914
-51
1176
176
-261
-891
-735
-842
-321
796
518
-566
-1689
-1094
-141
-91
-542
-1053
-1603
-2012
-1654
-1446
-1323
-2249
-2812
-3021
-2952
-1846
-2745
-2454
-2362
-2029
-1334
-764
167
-872
-626
-518
1989
2948
1353
833
925
2681
2171
2694
3537
3086
1517
450
2745
3865
2454
420
497
1232
1075
859
1380
880
-806
-1314
160
1757
387
-791
-477
-186
-296
27
926
821
-297
-1244
-428
612
286
-486
-846
-940
-1389
-1220
-964
-1222
-1972
-2868
-2785
-2589
-1870
-2444
-3223
-3026
-2411
-1359
-1269
-85
-1035
-1403
-1434
136
3371
2283
294
-506
1158
2532
2493
3040
3348
1910
-281
905
3644
4131
1398
-596
217
819
1178
1621
1324
66
-1804
-1139
1409
1582
263
-678
-727
-513
-110
1209
1652
396
-976
-960
511
1218
481
-147
-559
-1133
-1004
-491
-265
-1070
-2204
-2585
-2539
-1894
-1700
-2607
-3047
-2739
-2059
-1390
-779
-537
-1423
-1546
-1257
1596
2786
560
-548
109
2103
1901
1646
2828
2822
587
-460
2051
4012
2174
-703
-183
1150
721
177
1037
1134
-793
-1910
-213
1995
624
-909
-305
10
-152
26
1315
1684
145
-1003
3
1429
1137
327
-6
-57
-625
-597
181
-36
-992
-2076
-2394
-1668
-1303
-1712
-2386
-2815
-2212
-1685
-1426
253
-982
-1450
-1774
-930
2722
1790
14
-406
361
1582
1153
1833
3192
1818
-701
-299
2396
3440
904
-968
136
211
124
266
898
664
-2097
-1808
369
1220
253
-1002
-399
-350
-493
679
1677
1199
-262
-903
686
1627
1076
514
107
-95
-304
-53
679
202
-992
-1944
-2031
-1046
-708
-1376
-2379
-2361
-1585
-1244
-774
405
-436
-1123
-1930
-316
3213
1960
-18
-577
506
1735
922
2114
3249
1404
-1090
-506
2630
3306
460
-1061
-27
-76
-351
144
1089
117
-2323
-2326
234
922
-311
-786
-749
-696
-971
270
1589
988
-466
-995
340
1096
841
407
232
-215
-648
-276
386
345
-763
-2102
-2076
-1153
-774
-1079
-2259
-1867
-1364
-1229
-835
601
499
-823
-1620
-290
3257
2343
40
-156
999
1986
902
1961
3466
1982
-803
-381
2576
3412
696
-761
216
84
-136
66
1292
92
-1849
-2014
7
960
-443
-366
-535
-925
-987
280
1450
783
-592
-1030
175
598
624
225
60
-604
-1262
-489
89
53
-1265
-2538
-2437
-1654
-1020
-1500
-2310
-2394
-1993
-1269
-990
833
40
-1192
-1535
-476
3108
2414
438
-160
624
1714
1441
2470
3649
2072
-759
-127
2710
3688
1394
-503
273
288
112
561
1581
612
-1841
-1974
373
1433
111
-478
-450
-468
-684
323
1568
1151
-404
-1219
119
1078
673
63
-171
-645
-970
-766
45
-42
-1378
-2614
-2735
-1575
-1531
-1471
-2429
-2596
-2126
-2014
-969
230
265
-1233
-1611
-1173
2043
2878
511
-49
10
1449
1298
1752
3518
2658
-12
-859
1724
3697
2222
-200
190
485
105
222
1192
1497
-1009
-1808
-186
1188
605
-216
97
3
-480
-83
1223
1502
428
-663
-10
726
410
394
130
-207
-831
-856
-378
-299
-992
-1942
-2483
-2189
-1953
-1660
-1825
-2609
-2302
-1865
-1552
-284
286
-828
-1045
-1848
942
2938
852
88
-132
1265
1307
1032
2919
3166
786
-782
951
3328
2626
-5
211
853
133
95
678
1460
-228
-1628
-358
821
501
-178
211
374
-390
-368
852
1270
624
-211
-68
651
222
133
242
-41
-545
-727
-578
-410
-939
-1747
-2360
-2167
-1771
-1839
-1818
-2654
-2346
-1509
-1636
-617
348
-718
-935
-1733
248
2941
1244
150
-82
892
1522
1002
2592
3427
1296
-500
562
2921
3020
580
293
842
39
3
654
1649
257
-1645
-799
516
604
-15
277
398
-673
-848
620
1488
941
-304
-580
272
92
164
332
112
-681
-1237
-896
-335
-551
-1515
-2562
-2720
-1865
-1801
-1558
-2403
-2772
-1794
-1758
-1033
757
-133
-909
-1928
-1009
2952
2440
634
-114
226
1515
1048
2530
4168
2302
-458
-394
2484
4024
1819
245
809
-21
-100
675
2051
1425
-1450
-1733
212
988
469
350
289
-381
-1331
-46
1568
1483
118
-1145
-362
-128
-25
348
268
-504
-1757
-1734
-804
-290
-1062
-2425
-3257
-2624
-2205
-1650
-1657
-2858
-2372
-2339
-1720
463
549
-547
-1710
-2071
1551
3262
1496
370
-235
1105
1241
2036
4299
3518
462
-850
1415
4255
3406
775
664
345
99
717
1857
2429
-358
-1753
-487
905
1346
617
468
-190
-1287
-430
1347
1826
722
-969
-1036
-397
-161
507
393
-525
-1997
-2347
-1186
-414
-869
-2220
-3617
-3431
-2690
-1867
-1391
-2739
-2975
-2832
-2438
-364
1096
-180
-1522
-2855
26
3435
2075
809
-59
621
929
1363
4425
4780
1194
-1174
645
4255
4125
1306
1043
923
-135
193
2024
3360
704
-2093
-1004
1312
1496
849
634
378
-920
-1145
1134
2226
1360
-835
-1416
-290
-62
358
290
-248
-1664
-2510
-1754
-527
-566
-2056
-3620
-3962
-2896
-2055
-1584
-2413
-3156
-3000
-2742
-1312
1075
346
-1214
-2774
-1537
2822
2805
910
2
248
1009
1041
3242
4999
2649
-735
-360
3085
4564
2252
633
1243
77
-52
1058
2919
2648
-1401
-1788
53
1625
1743
815
597
-489
-1168
78
2003
2330
591
-1668
-1331
-103
787
1021
-263
-1405
-2448
-2169
-718
-231
-1113
-3449
-4541
-3406
-2026
-1191
-2102
-3219
-2994
-2883
-1802
860
552
-597
-2357
-2291
2110
2777
1329
319
-23
1082
806
2420
4579
3124
300
-485
1954
4017
2445
940
1337
292
-68
573
1944
2705
-520
-1350
-114
731
1434
791
939
206
-1047
-92
1232
1904
1127
-687
-800
-476
-51
700
325
-743
-1983
-2275
-1157
-686
-971
-2642
-3871
-3596
-2713
-1299
-1933
-2471
-3000
-2874
-1925
-40
1016
-409
-1640
-2276
1223
2844
1441
636
57
1108
736
2105
4153
3332
596
-494
1893
3613
2537
838
1186
667
64
556
1635
1974
-220
-1078
34
917
663
699
841
196
-364
-105
1075
1382
769
-36
-308
-419
-375
200
325
-519
-1639
-1894
-1483
-1072
-1160
-2202
-3330
-3571
-3169
-1541
-1580
-2550
-2848
-2700
-2215
-661
914
151
-780
-2737
-243
3113
2191
997
-57
873
937
1252
3731
4442
1769
-873
392
3429
3619
1306
1031
987
-202
-52
1209
2597
1519
-1599
-1293
590
938
1433
1002
355
-434
-931
544
1681
1861
518
-1100
-1169
-487
507
896
-375
-1808
-2267
-2092
-1051
-737
-1261
-3240
-4328
-3856
-1867
-795
-2020
-2802
-3140
-2680
-1642
1002
1012
-264
-2505
-2046
2434
2792
1588
426
457
820
492
2979
4947
3026
-333
-399
2235
3776
2199
1270
1491
-230
-393
612
2611
2133
-855
-921
-210
779
1242
1222
1167
-357
-862
371
1349
1659
817
-512
-692
-697
-70
610
-259
-1247
-1938
-1955
-1529
-1393
-1153
-2311
-3747
-3871
-2994
-1193
-1677
-2625
-2873
-2652
-2142
-812
1155
550
-1142
-2930
-61
3081
2317
896
96
908
505
1192
3997
4611
1626
-1204
247
3275
3516
1690
1311
647
-530
-143
1589
3182
833
-1052
-731
302
1598
1206
1539
756
-699
-231
865
1792
1477
227
-655
-733
-532
344
270
-536
-1494
-2355
-1927
-1567
-999
-1215
-2928
-3828
-3863
-2432
-1012
-1764
-2519
-3078
-2666
-1719
-22
1108
37
-1758
-2573
718
3152
2052
379
-243
683
731
1937
3840
3737
611
-1413
1043
3533
3225
1286
642
353
-149
439
2249
2713
213
-1002
-344
1509
1672
1163
1520
431
-137
-11
1236
2080
1179
-207
-773
-359
-58
269
-97
-693
-1671
-2199
-1865
-1275
-680
-1682
-3244
-3785
-3356
-2008
-1140
-1852
-2568
-3332
-2542
-1397
441
1090
-810
-2030
-2342
941
3000
1598
414
-418
41
647
2220
4130
3214
-321
-1361
1294
3572
3200
1085
599
-50
-532
1039
2515
2775
163
-1507
56
1372
2028
1699
1228
303
-388
264
1568
2090
1153
-396
-1016
-421
140
677
37
-1094
-1879
-2148
-1549
-682
-685
-1767
-3301
-3640
-2851
-1680
-1021
-1887
-2624
-3186
-2096
-1109
728
673
-1066
-1878
-2099
1521
2711
1063
214
-449
366
728
2047
3774
2648
-543
-1152
1480
3569
2685
607
618
-119
-236
1175
2206
2199
-89
-674
590
877
1233
1548
1766
510
-583
372
1606
1422
364
-200
-33
-243
-712
-10
167
-778
-1838
-2241
-1352
-728
-1037
-1845
-2814
-2907
-2940
-2190
-935
-1592
-2523
-2908
-1989
-885
24
308
-528
-1113
-2098
393
2568
1676
323
-603
554
973
1681
3062
2881
537
-1037
944
3330
2961
1038
494
126
312
1159
2134
2231
307
-808
372
1861
1542
1334
783
177
265
736
1548
948
-41
-670
-346
294
64
-299
-1100
-1508
-1560
-1185
-1004
-1265
-1726
-2306
-2239
-2249
-2010
-2497
-2043
-2050
-2157
-1910
-1911
-926
-1178
-108
-288
-555
-1224
-735
1918
1467
624
132
467
1030
986
2283
3144
1680
-635
294
2661
3280
1706
535
800
612
914
1863
2142
1083
-446
492
2307
796
863
528
1024
1377
-222
896
676
-299
-506
-155
783
-244
-1764
-1703
-925
-632
-953
-2021
-1950
-1918
-1970
-1270
-1910
-2052
-3152
-3333
-1657
-1539
-1367
-1958
-2202
-1941
-1034
415
215
-685
-1791
-90
1522
1396
849
578
955
247
956
2840
3219
1212
-199
1486
2965
2563
1601
1502
1629
989
1286
2048
2055
1046
337
1578
1622
754
953
1285
1056
354
215
541
367
-216
-264
-199
-437
-1147
-1422
-968
-1064
-1306
-1681
-2082
-1863
-1750
-1428
-1710
-2378
-2677
-3114
-2534
-1635
-1599
-1894
-2566
-2126
-1980
-955
670
-351
-1076
-2238
-227
2136
1361
746
168
575
417
924
3062
3771
1392
-226
1207
3169
3429
2020
2058
1966
944
1343
2136
2925
2019
495
677
1522
1481
1272
1587
625
107
-169
317
672
219
-335
-1161
-1012
-1054
-1020
-1003
-1186
-1706
-2058
-2113
-1875
-1231
-1609
-2096
-2691
-2828
-2793
-2685
-1457
-1879
-2302
-2859
-2551
-1622
-990
321
-499
-1465
-2273
-362
2197
1497
513
-7
423
533
1129
3263
4003
1841
-364
1040
3554
4046
2868
2152
1626
827
1383
2832
3546
2193
138
159
1200
1517
2200
1909
246
-957
-924
828
1362
392
-737
-1715
-1643
-1308
-444
-57
-1076
-2458
-2750
-1993
-912
-710
-1356
-2381
-3177
-2904
-2178
-1937
-1541
-2132
-3091
-2785
-2247
-1087
-1183
-329
-529
-1444
-1530
-939
1856
1766
148
-68
628
1101
927
2357
3913
2939
158
550
3105
4252
3144
1723
1940
1213
1105
2037
3096
2651
349
-413
929
1610
1484
1479
334
-578
-813
14
1113
546
-608
-1725
-1550
-833
-677
-415
-942
-1778
-2078
-1954
-1228
-609
-1148
-2052
-2685
-2524
-2030
-2122
-2174
-1885
-2578
-2720
-2160
-1420
-1165
-1353
-250
-621
-793
-1194
200
2015
915
308
764
1613
1247
1137
3171
4070
2110
477
1737
3669
3610
2185
1880
1864
946
1056
2082
2741
1159
-503
217
944
1221
783
427
-122
-1032
-487
388
492
-461
-1538
-1573
-1036
-804
-721
-970
-1493
-1898
-1824
-1394
-1142
-1228
-1660
-2347
-2267
-2171
-2140
-2179
-2430
-1933
-2336
-2022
-1788
-1350
-1458
-916
590
-194
-434
-1206
701
2486
1362
1336
1314
1630
1037
1775
4192
4450
1869
316
1979
3775
3676
2031
2046
1547
553
1050
2079
2539
584
-686
-287
1336
1178
-20
6
-880
-516
-237
-303
35
-778
-1678
-1829
-1234
-549
-851
-1774
-2003
-1749
-1482
-1672
-1813
-1495
-1723
-2407
-2401
-2145
-2063
-2556
-2743
-1711
-1903
-1904
-1882
-1505
-919
-591
514
40
-117
-606
847
2658
2073
1495
1350
1831
1691
2323
3869
4159
2234
763
2014
3411
3624
2514
1746
1375
625
1023
1979
2183
956
-468
-269
454
609
809
431
-320
-906
-902
-384
11
-19
-1102
-1823
-1604
-1152
-885
-1128
-1555
-1779
-1821
-2130
-1761
-1366
-1428
-2165
-2505
-2237
-2548
-1945
-2282
-1798
-1703
-2306
-1495
-1497
-683
-685
176
600
-37
-116
47
2391
2613
1376
1057
1572
2046
1646
2635
3682
3118
919
651
2505
3532
2587
1081
1256
831
625
1247
1788
1264
-399
-685
154
843
1141
704
-550
-1329
-1074
416
933
-370
-1206
-1697
-1514
-1185
-613
-245
-1275
-2504
-2584
-1458
-871
-1049
-1917
-2239
-2468
-2132
-1478
-1486
-1534
-2677
-1838
-1720
-946
-544
-1144
-372
-786
694
1059
718
604
538
2045
1855
1553
1796
2058
1506
1113
2379
3392
2655
597
1143
2318
2477
1633
1226
1500
539
183
799
1564
970
-42
-277
105
108
409
1125
-32
-1004
-828
-452
141
-465
-507
-720
-1880
-1877
-1125
-349
-978
-2385
-2104
-1728
-1767
-1452
-1375
-1346
-2153
-2406
-1406
-1138
-977
-1898
-1845
-712
-1149
-318
-629
14
166
-265
1496
1240
840
-106
747
2528
1907
1165
1065
1350
967
1103
2452
3437
1317
-609
786
2238
2572
1211
808
685
-62
514
1498
1941
574
-809
-376
817
1046
861
45
-676
-596
-429
408
-137
-584
-995
-1695
-1202
-941
-846
-1497
-2116
-1791
-1405
-1518
-1490
-1517
-1225
-1365
-1498
-906
-1075
-1091
-1051
-857
-1023
-472
-686
-144
-75
-434
306
20
1318
794
130
-159
188
1954
1197
693
735
639
411
420
1913
2673
1175
-723
232
1923
2290
1345
840
909
179
629
1562
2086
1002
-288
-79
558
921
905
1036
-295
-973
-851
-39
545
-505
-977
-1557
-1708
-1533
-991
-559
-1123
-1915
-2096
-1505
-751
-91
-637
-1044
-1388
-1047
-150
6
103
-856
-1268
-1239
-70
420
238
-444
-1049
-742
-91
1496
671
-302
-1361
-400
1462
943
779
325
-101
-548
154
2175
2660
800
-798
227
1708
2399
1819
1537
827
-66
781
1913
2539
1159
-308
-270
407
937
967
631
-201
-1143
-1410
-479
281
25
-1215
-2216
-1562
-902
-701
-770
-888
-1056
-1429
-1317
-223
336
-240
-830
-858
-266
-228
-300
-148
-350
-568
-1201
-988
-218
-222
-103
-751
-1038
-833
34
530
73
-427
-947
-45
457
391
616
420
-29
-304
575
2023
2024
713
157
950
1905
1951
1790
1619
858
715
1133
1772
1697
580
122
175
383
473
551
89
-796
-909
-610
-174
-415
-783
-977
-937
-829
-733
-536
-689
-672
-805
-652
-541
-355
-421
-576
-380
-456
-495
-673
-502
-502
-458
-748
-730
-970
-998
-452
-231
-152
-963
-983
-762
325
452
-359
-816
-977
412
603
480
614
169
-288
-364
1377
2766
1736
-110
-11
1386
2326
2038
1594
1417
258
253
1420
2242
1657
-66
-396
231
535
947
711
52
-716
-1036
-46
434
278
-511
-1384
-1207
-678
-232
-358
-1003
-1213
-1180
-1203
-758
-245
-248
-901
-1515
-950
-270
-253
-407
-906
-829
-880
-634
-240
-427
-479
-867
-469
-186
-339
-600
-89
168
-270
-615
-768
530
283
-218
202
481
390
-528
543
2087
1852
494
69
1275
1913
1688
1638
1792
1057
550
1108
2143
2098
816
311
475
943
1112
807
374
-298
-599
-417
-355
-250
-549
-1487
-1725
-1326
-802
-857
-1480
-1273
-919
-1002
-1211
-754
-180
-370
-836
-716
-258
-242
-205
-184
-44
-330
-530
-65
-39
-440
-675
-532
-2
-416
-948
-1039
-746
-105
-698
-770
-871
-736
-313
-560
359
633
84
-444
-36
1714
2182
1326
690
1086
1678
2097
2337
2580
1863
813
1186
1948
2614
1540
424
176
140
400
399
-5
-718
-1096
-1487
-820
-991
-1149
-1309
-1811
-1089
-978
-803
-869
-943
-533
-457
-337
86
125
-29
46
167
681
215
13
205
221
323
-263
-199
-418
-636
-1030
-938
-756
-848
-1234
-1857
-1389
-1019
-455
-1046
-1372
-1308
-905
-22
-143
316
191
-126
44
816
2108
2344
1557
816
1332
2110
2647
2337
1750
1113
577
1151
1449
1592
563
-377
-480
-248
181
-2
-308
-1051
-1114
-1062
-626
-269
-404
-578
-935
-731
-214
278
215
209
82
88
81
330
883
727
387
-201
-69
122
219
181
-224
-616
-993
-744
-549
-415
-961
-1480
-1905
-1642
-859
-621
-1089
-2055
-2090
-1285
37
-105
-792
-1249
-932
290
457
819
858
334
-77
240
1809
2526
1424
232
422
1280
1750
1498
1381
889
113
365
1067
1651
896
90
118
283
507
601
617
216
-186
-432
209
439
678
464
-557
-452
-313
669
721
-34
-203
-469
-397
-118
501
617
10
-998
-739
3
257
17
-804
-879
-1182
-795
-390
-498
-803
-1687
-1568
-1237
-1202
-1245
-1257
-1419
-1548
-1844
-1561
-446
-577
-1029
-1493
-1074
20
-105
-146
164
210
34
-124
904
2123
1634
870
723
1494
2196
1901
2020
1780
1244
1226
1566
2155
1790
866
740
859
1000
977
664
618
103
-188
-3
223
420
-45
-341
-219
19
142
30
-84
-1
-120
-219
37
52
-13
-261
-353
-161
-390
-440
-547
-710
-772
-1050
-1018
-1357
-1631
-1525
-1490
-1721
-2135
-2248
-2087
-2024
-2234
-1983
-1749
-1835
-1876
-1658
-1041
-338
-418
-627
-572
-154
860
987
1032
1097
1148
1261
1313
2149
2737
2400
1601
1568
2103
2466
2312
2076
1869
1228
1203
1546
1838
1442
677
546
704
763
766
722
453
77
-99
119
403
387
-44
-93
-55
42
14
-361
-158
-106
-265
-573
-863
-751
-898
-1052
-1094
-1227
-1610
-2065
-2016
-1713
-1714
-2150
-2444
-2418
-2178
-1938
-1773
-1715
-1979
-1948
-1524
-1028
-923
-1198
-1017
-568
-152
-80
-23
248
497
974
1114
1130
974
1045
1597
1943
2156
1994
1561
1280
1661
2657
3078
2255
1299
1152
1703
2159
2135
1846
1139
408
505
1256
1709
1216
277
-19
112
459
717
615
205
-559
-837
-467
49
57
-602
-1098
-1229
-1104
-939
-961
-1036
-1436
-1897
-1863
-1565
-1340
-1607
-1931
-2010
-1961
-1798
-1679
-1538
-1644
-1825
-1795
-1457
-1151
-979
-1008
-1092
-903
-630
-175
31
31
10
20
125
434
1020
1300
971
607
671
1248
1606
1671
1991
1466
813
580
1389
2450
1916
1171
788
840
1080
1372
2041
1978
823
177
669
1493
1735
1134
663
298
61
502
909
909
239
-492
-452
-150
133
137
-249
-637
-983
-1053
-716
-563
-696
-1185
-1415
-1334
-1444
-1517
-1450
-1111
-1300
-1767
-1839
-1569
-1338
-1465
-1274
-1058
-1238
-1558
-1372
-763
-489
-604
-726
-478
-405
-169
123
485
574
311
439
615
1053
1042
948
815
795
947
976
1130
884
723
585
613
811
651
721
763
389
157
113
634
880
430
425
488
421
277
443
1238
1228
564
278
477
917
910
823
757
222
-147
52
446
452
-154
-623
-644
-627
-493
-418
-532
-888
-1405
-1316
-1027
-748
-879
-1252
-1299
-1419
-1250
-1041
-702
-614
-966
-1184
-969
-432
-143
-115
-226
-311
-375
-94
399
687
485
48
11
296
672
815
687
365
188
220
508
708
577
368
86
137
236
329
307
182
115
48
-15
232
397
214
24
-4
549
466
146
332
689
459
-164
161
1075
1005
-154
-144
574
638
-31
-110
772
361
-625
-657
230
353
-529
-724
-193
-96
-710
-706
-309
-95
-494
-608
-175
-126
-254
-422
-105
127
-36
-277
-129
112
65
-121
-219
-12
-249
-356
-198
-16
-113
-644
-532
-268
-192
-287
-316
-194
-313
-363
-141
201
123
34
51
246
358
313
490
501
510
359
338
405
411
374
197
125
-46
-89
-94
-102
-203
-424
-497
-521
-515
-371
-82
-321
-788
-888
-236
333
56
-78
-3
-20
-237
151
1182
1330
320
-286
264
876
910
714
846
510
-212
-138
581
1010
358
-261
-172
46
77
58
221
198
-160
-357
-13
273
271
39
29
342
324
116
-67
265
649
426
73
-1
171
71
-75
128
364
-151
-797
-636
-17
95
-557
-792
-678
-644
-703
-486
-140
-472
-1051
-965
-290
-76
-350
-571
-452
-427
-538
-300
-60
-181
-623
-688
-365
-291
-511
-676
-601
-606
-647
-668
-441
-290
-525
-648
-544
-176
-11
48
246
433
232
-69
316
1101
1449
995
749
912
1018
1145
1474
1881
1559
738
612
1270
1689
1461
999
757
569
452
798
1087
914
213
-247
66
473
540
255
-46
-262
-296
-168
294
499
-106
-796
-881
-159
193
-78
-383
-657
-928
-1109
-672
-49
-328
-1272
-1633
-1215
-771
-773
-897
-1063
-1458
-1664
-1289
-627
-567
-1119
-1447
-1246
-920
-692
-561
-597
-800
-1011
-787
-282
-87
-315
-596
-536
-299
-103
70
105
-8
-160
-133
204
520
598
543
549
672
791
955
1130
1355
1463
1414
1453
1592
1709
1724
1853
1995
1954
1738
1583
1685
1754
1656
1516
1336
1064
804
774
830
612
252
-34
-189
-253
-356
-437
-620
-947
-1180
-1183
-1049
-1037
-1159
-1404
-1568
-1545
-1404
-1274
-1248
-1226
-1364
-1507
-1485
-1210
-929
-961
-1081
-1078
-988
-923
-759
-504
-438
-596
-629
-426
-183
-88
-64
-3
-16
-14
150
393
458
361
359
450
537
556
603
641
602
550
558
633
583
499
488
507
473
401
384
370
323
280
291
302
248
213
265
323
328
295
282
282
334
430
462
451
407
365
350
376
474
492
361
194
137
176
143
95
35
-118
-318
-410
-347
-314
-428
-582
-653
-677
-707
-683
-613
-632
-711
-684
-535
-418
-414
-438
-366
-222
-93
40
172
192
120
134
323
524
577
514
469
480
470
506
607
614
461
333
367
415
358
244
179
137
51
-3
1
-52
-212
-308
-289
-281
-350
-465
-541
-578
-605
-618
-619
-656
-740
-781
-744
-703
-695
-714
-727
-689
-633
-566
-508
-479
-469
-440
-351
-245
-120
-36
-36
-35
22
133
248
366
436
416
363
384
528
651
677
662
641
590
587
713
827
789
670
620
652
700
744
787
741
607
544
624
717
705
650
569
492
465
502
535
477
374
293
260
238
211
167
74
-6
-37
-73
-154
-218
-252
-298
-335
-347
-370
-458
-541
-516
-452
-481
-557
-587
-605
-652
-651
-580
-586
-686
-748
-714
-684
-718
-739
-737
-769
-828
-818
-759
-770
-820
-826
-792
-775
-765
-736
-698
-667
-643
-592
-525
-477
-441
-387
-300
-199
-125
-83
-26
57
136
218
338
433
461
492
575
682
755
829
917
968
961
981
1078
1158
1185
1209
1232
1213
1189
1215
1266
1279
1232
1173
1138
1112
1082
1058
1014
921
824
752
713
674
584
458
355
285
208
136
69
-44
-182
-288
-339
-371
-457
-579
-676
-755
-826
-859
-870
-939
-1045
-1115
-1139
-1140
-1155
-1186
-1218
-1255
-1288
-1271
-1230
-1225
-1239
-1237
-1220
-1186
-1139
-1098
-1059
-1021
-985
-925
-843
-775
-706
-636
-583
-506
-406
-313
-233
-148
-71
6
104
201
299
383
440
510
597
676
752
824
867
896
938
989
1038
1079
1095
1099
1106
1112
1126
1140
1127
1091
1059
1033
1019
1013
978
915
853
799
762
743
716
656
569
482
426
403
376
332
268
177
94
49
35
14
-31
-101
-176
-230
-262
-276
-296
-342
-401
-453
-488
-505
-513
-541
-587
-629
-657
-668
-676
-687
-713
-752
-780
-780
-766
-762
-777
-801
-827
-831
-810
-778
-764
-780
-803
-805
-779
-733
-687
-665
-675
-680
-657
-605
-539
-491
-470
-466
-454
-407
-335
-265
-218
-184
-164
-135
-74
6
78
128
158
188
236
296
368
443
495
530
570
621
683
754
813
858
897
935
975
1024
1071
1104
1139
1156
1170
1194
1212
1222
1223
1218
1200
1181
1158
1129
1100
1053
994
940
875
800
728
651
563
469
371
271
170
62
-47
-146
-248
-363
-476
-583
-686
-779
-865
-953
-1039
-1128
-1208
-1269
-1318
-1363
-1402
-1441
-1484
-1509
-1516
-1512
-1500
-1489
-1479
-1463
-1437
-1395
-1340
-1279
-1225
-1168
-1106
-1040
-955
-859
-772
-693
-611
-517
-418
-314
-209
-109
-14
78
180
291
395
489
578
662
745
832
914
987
1053
1114
1168
1221
1265
1301
1330
1351
1366
1374
1377
1372
1361
1337
1307
1275
1240
1198
1149
1095
1033
969
906
838
769
695
617
544
470
396
321
245
170
100
36
-31
-97
-159
-224
-281
-334
-387
-440
-490
-533
-572
-612
-653
-693
-728
-763
-793
-818
-846
-874
-892
-909
-924
-936
-949
-959
-968
-970
-962
-951
-941
-933
-916
-893
-865
-834
-801
-767
-728
-689
-643
-588
-535
-482
-431
-374
-312
-250
-189
-126
-65
-8
49
110
168
223
277
325
370
411
448
487
524
551
575
596
613
629
647
665
673
676
676
678
689
697
699
698
694
694
698
702
704
702
698
697
700
701
696
688
679
671
661
645
625
603
577
546
515
477
436
391
345
296
241
177
112
52
-11
-75
-142
-211
-281
-346
-409
-466
-521
-578
-633
-681
-723
-762
-793
-822
-845
-863
-878
-885
-885
-882
-879
-870
-858
-839
-816
-795
-769
-741
-717
-690
-660
-630
-599
-567
-537
-502
-470
-440
-411
-379
-347
-314
-279
-247
-214
-180
-148
-110
-72
-40
-3
34
70
109
153
197
238
280
321
365
412
453
498
541
579
618
660
698
732
768
798
826
851
874
893
909
917
921
926
921
911
904
889
866
839
809
779
745
706
663
617
565
514
468
417
359
300
239
180
128
75
17
-40
-99
-156
-207
-258
-306
-356
-410
-462
-506
-546
-590
-629
-670
-714
-753
-787
-813
-842
-874
-906
-931
-953
-970
-983
-998
-1014
-1024
-1028
-1029
-1022
-1015
-1007
-995
-977
-951
-918
-881
-841
-797
-750
-698
-635
-571
-505
-439
-366
-288
-206
-124
-41
43
127
211
298
384
465
544
621
696
769
837
898
956
1010
1058
1101
1139
1169
1191
1211
1227
1235
1231
1219
1207
1188
1163
1135
1101
1056
1006
956
905
850
786
716
645
574
506
434
359
280
200
122
47
-24
-96
-173
-247
-318
-383
-444
-504
-562
-619
-670
-717
-757
-797
-833
-865
-893
-915
-931
-943
-954
-960
-960
-958
-949
-937
-923
-905
-885
-860
-833
-801
-770
-732
-694
-656
-613
-571
-525
-476
-427
-377
-327
-278
-227
-175
-121
-67
-15
36
83
136
186
233
279
322
363
404
440
473
505
529
553
574
588
599
607
615
616
615
608
596
584
571
556
539
515
490
465
442
422
400
375
346
321
300
281
263
244
224
206
191
181
176
168
155
148
142
140
140
137
133
127
122
119
118
113
103
92
83
71
56
39
20
-1
-25
-48
-74
-103
-137
-170
-200
-232
-266
-301
-338
-373
-406
-438
-467
-495
-523
-549
-574
-591
-604
-617
-627
-635
-638
-639
-634
-625
-614
-604
-589
-568
-546
-520
-493
-462
-434
-402
-366
-327
-288
-252
-214
-172
-130
-88
-45
-2
41
85
128
172
217
261
301
341
383
427
468
506
542
574
603
634
667
694
715
732
748
761
770
777
779
774
763
751
737
716
689
659
623
586
544
499
451
402
348
290
230
171
112
52
-10
-71
-129
-189
-248
-304
-357
-407
-454
-499
-540
-578
-612
-642
-664
-684
-702
-715
-721
-722
-719
-714
-705
-691
-674
-650
-623
-595
-567
-534
-499
-460
-418
-377
-334
-292
-249
-205
-160
-116
-71
-26
16
58
100
141
180
220
257
290
322
352
382
407
431
451
469
485
497
510
517
522
523
520
515
507
499
488
472
452
429
404
376
349
320
287
253
217
179
143
107
71
34
-6
-44
-79
-112
-144
-175
-205
-232
-257
-278
-296
-313
-327
-340
-348
-355
-357
-356
-354
-348
-342
-333
-322
-308
-292
-273
-256
-240
-222
-202
-179
-156
-134
-114
-96
-76
-54
-31
-11
5
21
39
58
76
90
103
113
126
140
153
162
168
176
182
190
196
200
203
204
207
208
209
209
208
206
201
197
192
187
179
170
160
149
137
125
113
99
82
65
47
28
9
-11
-30
-49
-69
-89
-109
-127
-146
-163
-181
-198
-213
-228
-239
-248
-254
-263
-270
-272
-274
-273
-269
-264
-257
-249
-238
-225
-211
-197
-181
-163
-144
-126
-105
-86
-66
-48
-28
-8
11
30
47
64
78
94
107
118
129
138
148
154
161
165
168
170
170
174
177
177
175
173
171
168
165
161
157
153
146
141
137
132
125
117
108
101
94
86
77
67
56
44
35
26
15
3
-7
-18
-27
-36
-45
-53
-61
-67
-72
-76
-82
-87
-91
-91
-93
-93
-93
-89
-86
-83
-78
-71
-63
-54
-44
-36
-29
-20
-11
-1
10
19
26
31
38
44
52
56
58
61
62
63
64
60
55
47
41
34
27
17
4
-8
-21
-33
-46
-61
-75
-89
-104
-119
-134
-147
-160
-172
-185
-194
-203
-211
-220
-226
-229
-232
-233
-233
-231
-226
-220
-216
-210
-201
-190
-180
-166
-152
-137
-120
-103
-83
-64
-45
-23
-2
21
43
64
85
106
129
153
177
198
218
239
261
282
302
319
333
348
362
376
387
392
397
400
403
404
403
397
388
379
368
354
338
317
294
272
251
226
198
168
138
105
74
43
9
-24
-58
-92
-124
-155
-184
-214
-244
-273
-298
-321
-343
-363
-381
-398
-413
-424
-432
-438
-440
-443
-443
-439
-434
-424
-417
-405
-392
-375
-358
-338
-316
-295
-271
-245
-219
-192
-165
-137
-109
-80
-50
-20
10
37
65
92
118
146
174
197
218
239
260
277
295
312
326
337
344
354
362
366
367
366
362
357
352
345
336
323
309
294
277
260
242
223
204
183
160
138
117
95
73
50
28
6
-14
-33
-52
-70
-88
-106
-121
-135
-147
-159
-168
-178
-185
-192
-197
-202
-205
-208
-209
-209
-206
-205
-202
-200
-198
-194
-188
-181
-175
-167
-160
-154
-146
-138
-130
-121
-113
-106
-97
-88
-81
-72
-63
-57
-50
-44
-35
-26
-18
-13
-8
-3
2
8
14
18
21
24
29
34
35
36
37
41
43
45
47
49
52
53
53
56
57
57
59
61
62
63
66
69
71
73
74
77
80
84
90
93
96
97
100
106
112
117
120
121
123
125
131
134
136
137
137
136
137
139
138
136
132
129
125
119
113
106
98
87
76
64
52
38
28
17
3
-12
-27
-42
-57
-72
-88
-104
-122
-138
-152
-164
-178
-193
-205
-216
-227
-236
-243
-251
-260
-266
-271
-278
-279
-280
-279
-279
-275
-270
-265
-258
-248
-237
-226
-213
-201
-192
-176
-158
-137
-115
-92
-72
-55
-35
-11
10
35
58
78
100
126
152
177
198
217
232
247
263
281
297
307
317
327
334
345
358
363
362
360
357
349
342
336
323
308
295
281
266
252
239
218
193
170
148
126
108
88
60
29
1
-28
-55
-75
-95
-118
-142
-166
-186
-203
-220
-239
-259
-279
-294
-302
-306
-311
-317
-328
-342
-350
-350
-348
-345
-338
-332
-325
-312
-295
-281
-270
-261
-254
-247
-229
-205
-182
-161
-143
-131
-113
-84
-54
-26
-2
11
20
30
49
73
100
125
139
150
161
176
191
206
217
219
222
231
240
248
255
252
244
237
237
240
239
232
219
205
196
193
193
188
173
150
130
119
119
124
120
101
72
44
24
19
22
23
15
-3
-20
-32
-36
-36
-36
-45
-61
-70
-75
-78
-82
-89
-97
-102
-100
-91
-84
-84
-91
-101
-105
-97
-80
-71
-76
-87
-99
-104
-93
-76
-66
-66
-73
-78
-72
-52
-28
-25
-40
-54
-67
-68
-55
-42
-49
-59
-58
-55
-42
-18
-10
-33
-59
-69
-69
-53
-30
-37
-65
-83
-84
-64
-28
-4
-4
-27
-65
-76
-56
-45
-31
-20
-28
-21
28
65
63
45
1
-59
-87
-31
47
74
96
104
90
116
202
231
166
87
7
-61
-20
117
208
231
215
150
75
108
218
265
249
188
83
8
23
93
163
176
140
99
45
38
73
64
23
16
40
55
97
100
26
-66
-154
-201
-187
-125
-53
-37
-83
-106
-96
-112
-133
-158
-231
-282
-239
-163
-101
-37
-23
-130
-270
-322
-324
-273
-150
-63
-69
-90
-90
-130
-166
-152
-127
-132
-103
-6
36
15
13
-28
-118
-89
20
54
81
128
81
0
13
67
120
202
253
210
146
124
107
60
30
51
85
156
253
304
300
261
176
53
-13
2
58
135
191
202
208
214
153
53
-22
-76
-97
-37
48
118
160
105
4
-89
-147
-125
-57
-31
-6
21
-20
-72
-106
-133
-153
-153
-142
-150
-134
-77
-56
-87
-99
-93
-109
-117
-116
-138
-160
-134
-113
-126
-105
-54
-63
-91
-71
-55
-48
-10
-25
-87
-83
-65
-48
0
47
77
78
19
-39
-68
-77
-35
33
68
125
183
141
101
78
37
22
18
20
63
107
118
119
96
82
92
98
75
69
86
69
54
51
31
48
85
86
82
75
42
20
-4
-42
-25
44
50
54
79
18
-2
22
-35
-96
-79
-99
-101
-27
-9
-5
61
67
0
-41
-118
-156
-121
-93
-54
-7
6
15
-9
-84
-99
-89
-101
-62
-1
-38
-48
2
-47
-66
-5
-39
-87
-43
-49
-67
-10
14
2
46
20
-74
-71
-45
-25
39
19
-70
-55
0
-11
2
-2
11
68
80
48
-1
-4
13
9
-72
-106
-20
54
107
156
107
28
56
5
-97
-53
29
29
103
109
3
2
23
-21
22
121
94
94
91
45
48
74
37
-27
5
-7
-30
-18
20
133
194
157
21
-73
-67
-35
-45
-44
53
111
157
115
-34
-92
-93
-113
-188
-143
1
65
155
150
-15
-91
-93
-179
-178
-9
66
49
37
-91
-212
-195
-165
-175
-35
119
112
43
-65
-106
-71
-63
-92
-145
-65
74
37
-73
-179
-178
-102
-38
-29
23
169
211
115
-58
-150
-89
22
57
7
33
100
64
5
-50
-122
-59
28
66
137
294
337
119
-28
-89
-122
-45
82
116
114
147
2
-148
-86
150
264
162
66
-29
15
60
-13
-52
-41
35
24
-79
-72
66
228
121
-95
-152
-127
-26
26
51
30
54
116
-56
-181
-126
-46
-75
-117
-48
-59
-44
53
-19
-79
39
66
-48
-70
-6
-50
-112
-99
-100
-57
50
13
-93
-2
115
123
78
-4
-28
-69
-124
-129
-115
61
168
110
78
36
87
39
-78
-104
-97
-1
39
71
181
200
150
13
-169
-181
-43
19
-17
35
144
132
62
10
-88
-79
7
-58
-103
13
166
170
54
-35
-121
-87
-13
-70
-40
7
1
-18
-63
-34
-26
13
27
-68
-20
16
-50
-38
-47
-20
-33
7
119
72
48
-24
-185
-202
-49
62
89
113
145
82
-10
-11
-60
-80
5
4
-38
-10
94
159
98
94
48
-41
1
45
62
43
14
9
-81
-45
15
-2
2
50
125
66
17
-27
-86
-68
-48
-90
-87
-15
78
77
-52
-97
-50
6
7
-80
-137
-88
-1
57
-18
-66
-19
-11
-67
-175
-121
20
71
111
-3
-114
-84
-56
12
-6
38
107
23
-16
-11
-23
-24
2
62
73
66
73
-2
-12
52
40
28
37
82
138
71
15
22
45
140
114
15
0
-9
45
59
32
78
76
44
-27
-69
-37
42
80
54
60
22
-19
-45
-41
-17
-54
-71
-89
-71
37
76
8
-63
-74
-60
-122
-185
-119
-26
37
71
-16
-92
-72
-64
-104
-164
-121
-8
-25
-36
-18
-61
-65
-33
14
-19
-23
37
-41
-95
-27
-42
-68
-6
92
81
-1
32
17
-24
51
35
-54
1
107
107
90
95
42
-6
-16
-33
-78
15
175
196
176
104
7
-30
-14
-30
-69
9
102
111
71
51
43
61
56
-10
-36
-10
30
23
-36
-46
9
51
13
-37
-43
-14
-22
-37
-62
-78
11
83
24
-62
-70
-45
-25
-20
-64
-113
-41
45
17
-82
-88
-18
34
48
-54
-101
-10
72
31
-69
-104
-45
38
23
-75
-105
17
134
91
-10
-80
-70
23
26
-10
31
121
137
62
-86
-145
-88
-11
64
69
92
100
57
43
-19
-35
-33
-28
52
59
90
29
-58
-1
23
6
-16
-12
-1
41
9
-55
-73
3
90
41
-40
-64
-50
-9
4
-58
-72
-23
34
28
26
34
31
7
-62
-142
-135
-91
11
83
77
79
37
-4
-46
-55
-59
-43
-11
7
18
37
23
16
-7
20
49
20
0
-40
-16
1
38
27
40
74
60
-1
-76
-97
-35
11
58
48
3
23
34
19
-6
-3
-35
5
54
57
28
-29
-34
-31
-31
-64
-79
-11
87
96
7
-84
-69
20
29
-28
-80
-47
53
60
-33
-93
-70
10
19
-35
-43
28
81
72
-40
-109
-64
-17
28
24
30
37
54
-6
-42
-70
-64
-31
33
66
89
90
44
10
10
-20
-38
-1
18
64
47
-26
-38
-9
26
61
49
28
31
22
10
-22
-44
-38
-12
5
30
19
40
38
20
-10
-57
-78
-33
19
35
39
3
-30
-31
-57
-62
-36
1
30
49
55
7
-15
-58
-86
-46
-28
7
37
46
32
12
-50
-84
-68
-24
38
52
23
12
30
16
-17
-67
-79
-40
42
53
31
34
33
44
-15
-89
-106
-36
61
94
58
6
10
18
-30
-80
-104
-43
42
71
54
27
8
15
-16
-62
-53
-19
18
41
23
-18
-37
-65
-32
-7
-4
-6
-24
11
53
34
-40
-78
-42
12
26
-14
-40
17
48
10
-83
-105
5
90
85
22
-8
27
52
-9
-99
-87
-7
53
52
18
46
78
55
-7
-48
-31
23
54
35
56
73
45
13
-21
-18
5
-5
-8
18
78
97
55
-8
-35
-2
17
2
-1
11
37
45
-6
-57
-37
11
25
-4
-45
-35
15
33
2
-49
-55
-16
10
-4
-44
-39
-21
-21
-42
-70
-62
-11
24
14
-11
-29
-38
-42
-36
-60
-40
-24
-2
33
14
-11
-49
-57
-47
-14
-8
-6
24
39
36
-2
-43
-53
-21
8
-1
7
22
54
65
24
-35
-48
-27
3
40
32
34
40
49
22
-7
-39
-27
32
60
53
15
17
36
45
7
-45
-43
7
60
57
17
7
41
48
-7
-58
-52
10
54
41
9
16
45
23
-38
-71
-39
12
44
30
11
22
6
-11
-52
-53
-26
-1
5
-5
24
17
2
-34
-57
-52
-29
-10
-6
19
26
23
-20
-61
-64
-53
-13
6
10
14
15
2
-25
-52
-58
-24
-2
23
21
6
-2
-3
-20
-35
-29
-19
23
31
11
-7
-16
-14
1
3
-1
11
18
31
24
9
-4
-6
1
5
12
11
31
43
32
10
-20
-24
1
29
41
45
41
36
25
-11
-36
-30
9
37
51
50
26
20
-6
-26
-29
-16
14
45
51
38
21
-14
-28
-38
-43
-29
5
26
28
25
-4
-29
-47
-64
-48
-11
20
22
14
-8
-25
-37
-64
-72
-47
-3
20
24
5
-12
-18
-45
-78
-65
-19
28
49
15
-18
-29
-27
-33
-44
-37
-5
37
32
9
-3
-7
-7
-11
-27
-21
16
34
40
33
14
1
-8
-12
-1
28
41
36
28
15
10
13
7
4
18
28
27
24
24
27
22
8
3
16
32
37
20
2
2
10
17
16
12
6
6
9
-1
-4
0
7
11
5
-8
-18
-14
-11
-12
-11
-16
-14
-12
-13
-18
-25
-25
-20
-20
-18
-19
-20
-20
-26
-35
-33
-24
-23
-18
-18
-20
-15
-16
-17
-19
-22
-23
-18
-11
-4
-3
-10
-12
-18
-21
-10
-2
3
3
5
9
10
8
1
-2
3
13
17
18
17
11
10
5
0
9
27
35
35
26
14
10
11
13
17
20
18
18
20
19
18
14
5
5
14
22
27
24
20
20
15
-1
-11
-6
12
23
13
-3
-4
2
2
-7
-15
-8
10
14
3
-3
-3
-2
-7
-19
-25
-16
-3
-6
-16
-23
-24
-20
-14
-16
-16
-16
-19
-21
-20
-16
-16
-18
-21
-25
-21
-20
-20
-15
-10
-8
-19
-25
-21
-6
3
-6
-18
-22
-11
-1
-7
-15
-9
0
6
-1
-12
-7
7
10
6
3
5
12
12
7
1
3
8
14
20
17
13
11
14
16
18
16
17
21
27
27
21
12
11
14
17
15
10
15
21
22
11
1
1
6
11
7
-3
-2
8
14
7
-4
-11
-8
1
-4
-8
-7
-5
-4
-9
-15
-16
-11
-8
-8
-15
-22
-20
-14
-12
-10
-15
-20
-19
-12
-10
-10
-16
-16
-11
-10
-12
-8
-4
-1
-2
-12
-14
-9
1
3
-1
-4
-6
-1
3
1
-4
-2
1
10
12
11
11
9
8
7
8
7
10
9
9
9
9
5
7
9
9
7
3
2
6
6
3
0
1
7
12
7
-2
-2
1
3
-1
-3
0
5
3
-2
-6
-3
1
-2
-2
-7
-6
-2
-4
-4
-3
-4
-5
-7
-5
-1
1
0
-4
-7
-7
-6
-2
1
1
-1
-6
-10
-9
-2
1
-4
-6
-6
-2
1
2
-1
-3
-1
-1
-1
3
9
12
9
-2
-6
-3
4
7
4
0
1
3
2
3
2
1
1
-1
-1
3
9
9
1
-11
-12
-1
7
9
3
-1
-3
-6
-8
-9
-5
2
-4
-11
-12
-7
1
-2
-12
-17
-12
-7
-4
-3
-1
3
1
-9
-13
-8
-2
-4
-9
-9
-3
2
5
1
-4
-1
-1
-2
-1
5
12
10
1
-3
3
10
9
3
-2
3
6
5
5
7
11
9
2
-2
